0 0.455 0.514375 0.66 0.97125
0 0.455 0.514375 0.6575 0.97125
0 0.49875 0.4975 0.7825 0.995
0 0.485625 0.5 0.43625 0.9725
0 0.485625 0.5 0.43625 0.9725
0 0.485625 0.5 0.43625 0.9725
0 0.485625 0.5 0.43625 0.9725
0 0.485625 0.5 0.43625 0.9725
0 0.485625 0.5 0.43625 0.9725
0 0.485625 0.5 0.43625 0.9725
0 0.499375 0.52 0.67875 0.96
0 0.499375 0.52 0.67875 0.96
0 0.499375 0.52 0.67875 0.96
0 0.499375 0.52 0.67875 0.96
0 0.499375 0.52 0.67875 0.96
0 0.499375 0.52 0.67875 0.96
0 0.499375 0.52 0.67875 0.96
0 0.499375 0.52 0.67875 0.96
0 0.499375 0.52 0.67875 0.96
0 0.499375 0.52 0.67875 0.96
0 0.499375 0.52 0.67875 0.96
0 0.499375 0.52 0.67875 0.96
0 0.499375 0.52 0.67875 0.96
0 0.499375 0.52 0.67875 0.96
0 0.499375 0.52 0.67875 0.96
0 0.499375 0.52 0.67875 0.96
0 0.499375 0.52 0.67875 0.96
0 0.52 0.5 0.7225 1
0 0.52 0.5 0.7225 1
0 0.52 0.5 0.7225 1
0 0.52 0.5 0.7225 1
0 0.52 0.5 0.7225 1
0 0.52 0.5 0.7225 1
0 0.52 0.5 0.7225 1
0 0.52 0.5 0.7225 1
0 0.52 0.5 0.7225 1
0 0.52 0.5 0.7225 1
0 0.52 0.5 0.7225 1
0 0.52 0.5 0.7225 1
0 0.5 0.477166 1 0.954333
0 0.5 0.477166 1 0.954333
0 0.5 0.477166 1 0.954333
0 0.5 0.477166 1 0.954333
0 0.5 0.477166 1 0.954333
0 0.5 0.477166 1 0.954333
0 0.5 0.477166 1 0.954333
0 0.5 0.477166 1 0.954333
0 0.5 0.477166 1 0.954333
